<?xml version="1.0"?>
<opencv_storage>
<calibration_time>"Thu 18 Jul 2019 21:23:58 AEST"</calibration_time>
<image_width>640</image_width>
<image_height>480</image_height>
<flags>0</flags>
<cameraMatrix type_id="opencv-matrix">
  <rows>3</rows>
  <cols>3</cols>
  <dt>d</dt>
  <data>
    5.7095725151927525e+02 0. 3.1282223474467611e+02 0.
    5.6982720465897432e+02 2.4609352064910544e+02 0. 0. 1.</data></cameraMatrix>
<dist_coeffs type_id="opencv-matrix">
  <rows>1</rows>
  <cols>5</cols>
  <dt>d</dt>
  <data>
    1.8996724593464523e-01 -5.0956300118742093e-01
    -4.4065147819255584e-03 -2.3996470223428749e-03
    4.0891155085798547e-01</data></dist_coeffs>
<avg_reprojection_error>1.0085809797362547e-01</avg_reprojection_error>
</opencv_storage>
