<?xml version="1.0"?>
<opencv_storage>
<calibration_time>"Thu 18 Jul 2019 21:31:57 AEST"</calibration_time>
<image_width>640</image_width>
<image_height>480</image_height>
<flags>0</flags>
<cameraMatrix type_id="opencv-matrix">
  <rows>3</rows>
  <cols>3</cols>
  <dt>d</dt>
  <data>
    5.9943853933063701e+02 0. 3.1105388556118157e+02 0.
    5.9980895391634260e+02 2.3899091283335645e+02 0. 0. 1.</data></cameraMatrix>
<dist_coeffs type_id="opencv-matrix">
  <rows>1</rows>
  <cols>5</cols>
  <dt>d</dt>
  <data>
    1.7300730183112945e-01 -4.8043406611109529e-01
    -4.2087411191257616e-03 7.2058151946765821e-04
    3.0313862539061298e-01</data></dist_coeffs>
<avg_reprojection_error>7.9331748370151500e-02</avg_reprojection_error>
</opencv_storage>
