<?xml version="1.0"?>
<opencv_storage>
<calibrationDate>"Thu 18 Jul 2019 19:34:08 AEST"</calibrationDate>
<framesCount>29</framesCount>
<cameraResolution>
  1920 1080</cameraResolution>
<cameraMatrix type_id="opencv-matrix">
  <rows>3</rows>
  <cols>3</cols>
  <dt>d</dt>
  <data>
    1.8038712481169925e+03 0. 9.2606623265165274e+02 0.
    1.8038712481169925e+03 5.8823266015532533e+02 0. 0. 1.</data></cameraMatrix>
<cameraMatrix_std_dev type_id="opencv-matrix">
  <rows>4</rows>
  <cols>1</cols>
  <dt>d</dt>
  <data>
    0. 2.8575083156106157e+01 4.1940353145620834e+00
    4.7602680230255983e+00</data></cameraMatrix_std_dev>
<dist_coeffs type_id="opencv-matrix">
  <rows>1</rows>
  <cols>5</cols>
  <dt>d</dt>
  <data>
    3.9029721918223231e-01 -1.4673373985571418e+00 0. 0.
    1.4323683753090171e+00</data></dist_coeffs>
<dist_coeffs_std_dev type_id="opencv-matrix">
  <rows>5</rows>
  <cols>1</cols>
  <dt>d</dt>
  <data>
    2.3426905506605238e-02 1.2786285494460820e-01 0. 0.
    1.9747303022748361e-01</data></dist_coeffs_std_dev>
<avg_reprojection_error>2.6186052021979028e-01</avg_reprojection_error>
</opencv_storage>
