<?xml version="1.0"?>
<opencv_storage>
<calibrationDate>"Thu 18 Jul 2019 19:46:50 AEST"</calibrationDate>
<framesCount>28</framesCount>
<cameraResolution>
  1920 1080</cameraResolution>
<cameraMatrix type_id="opencv-matrix">
  <rows>3</rows>
  <cols>3</cols>
  <dt>d</dt>
  <data>
    1.4605500354444373e+03 0. 9.6011648222432393e+02 0.
    1.4605500354444373e+03 5.5812408116387076e+02 0. 0. 1.</data></cameraMatrix>
<cameraMatrix_std_dev type_id="opencv-matrix">
  <rows>4</rows>
  <cols>1</cols>
  <dt>d</dt>
  <data>
    0.0 2.0451944298920686e+00 3.9892917625493181e+00
    4.9584072430579198e+00</data></cameraMatrix_std_dev>
<dist_coeffs type_id="opencv-matrix">
  <rows>1</rows>
  <cols>5</cols>
  <dt>d</dt>
  <data>
    2.4439535883950439e-01 -7.0456851046342872e-01
    -2.2429120963992103e-03 4.6487366426718937e-03
    4.9930079690208756e-01</data></dist_coeffs>
<dist_coeffs_std_dev type_id="opencv-matrix">
  <rows>5</rows>
  <cols>1</cols>
  <dt>d</dt>
  <data>
    7.9502880289466487e-03 3.0049210091869234e-02 1.3017516084799338e-03
    1.0124196369520170e-03 3.3737308238712460e-02</data></dist_coeffs_std_dev>
<avg_reprojection_error>2.3085019945181595e-01</avg_reprojection_error>
</opencv_storage>
