<?xml version="1.0"?>
<opencv_storage>
<calibrationDate>"Mon 01 Jul 2019 11:02:15 AEST"</calibrationDate>
<framesCount>23</framesCount>
<cameraResolution>
  1280 720</cameraResolution>
<cameraMatrix type_id="opencv-matrix">
  <rows>3</rows>
  <cols>3</cols>
  <dt>d</dt>
  <data>
    2.0108731118645856e+03 0. 6.1797635673682180e+02 0.
    2.0108731118645856e+03 3.7827323647672353e+02 0. 0. 1.</data></cameraMatrix>
<cameraMatrix_std_dev type_id="opencv-matrix">
  <rows>4</rows>
  <cols>1</cols>
  <dt>d</dt>
  <data>
    0. 7.7136082351170394e+00 1.3760853861457598e+01
    1.4448171364056856e+01</data></cameraMatrix_std_dev>
<dist_coeffs type_id="opencv-matrix">
  <rows>1</rows>
  <cols>5</cols>
  <dt>d</dt>
  <data>
    7.7615652066976892e-01 -8.1766015308118014e+00
    3.7571281101280045e-02 -1.7351196406601443e-02
    2.0740381188727024e+01</data></dist_coeffs>
<dist_coeffs_std_dev type_id="opencv-matrix">
  <rows>5</rows>
  <cols>1</cols>
  <dt>d</dt>
  <data>
    1.0756728112315148e-01 1.1933346778291840e+00 4.9607808555745397e-03
    4.7094584728910854e-03 4.3014505920303501e+00</data></dist_coeffs_std_dev>
<avg_reprojection_error>2.8816466033175842e-01</avg_reprojection_error>
</opencv_storage>
