<?xml version="1.0"?>
<opencv_storage>
<calibrationDate>"Mon 01 Jul 2019 11:10:50 AEST"</calibrationDate>
<framesCount>14</framesCount>
<cameraResolution>
  1280 720</cameraResolution>
<cameraMatrix type_id="opencv-matrix">
  <rows>3</rows>
  <cols>3</cols>
  <dt>d</dt>
  <data>
    1.2961450774161938e+04 0. 6.5676565071572304e+02 0.
    8.5669377761687738e+03 3.3902242970645074e+02 0. 0. 1.</data></cameraMatrix>
<cameraMatrix_std_dev type_id="opencv-matrix">
  <rows>4</rows>
  <cols>1</cols>
  <dt>d</dt>
  <data>
    8.0974895940877445e+02 2.6721344100559598e+01 1.2151278862051841e+01
    7.5225782275435762e+00</data></cameraMatrix_std_dev>
<dist_coeffs type_id="opencv-matrix">
  <rows>1</rows>
  <cols>5</cols>
  <dt>d</dt>
  <data>
    2.4852032442967690e+01 -4.4620896083752586e+03
    5.0464193798218815e-01 -5.0269065741554680e-02
    -9.8973784352944648e+01</data></dist_coeffs>
<dist_coeffs_std_dev type_id="opencv-matrix">
  <rows>5</rows>
  <cols>1</cols>
  <dt>d</dt>
  <data>
    1.8574412852094899e+00 5.5124625474359527e+02 1.8418529910806451e-02
    2.8388918259596219e-02 2.4603770271573988e+00</data></dist_coeffs_std_dev>
<avg_reprojection_error>2.8479281956553681e-01</avg_reprojection_error>
</opencv_storage>
