<?xml version="1.0"?>
<opencv_storage>
<calibrationDate>"Mon 01 Jul 2019 10:37:25 AEST"</calibrationDate>
<framesCount>26</framesCount>
<cameraResolution>
  1280 720</cameraResolution>
<cameraMatrix type_id="opencv-matrix">
  <rows>3</rows>
  <cols>3</cols>
  <dt>d</dt>
  <data>
    1.2085548642622166e+03 0. 6.0882220341381583e+02 0.
    1.2085548642622166e+03 3.9320219853024952e+02 0. 0. 1.</data></cameraMatrix>
<cameraMatrix_std_dev type_id="opencv-matrix">
  <rows>4</rows>
  <cols>1</cols>
  <dt>d</dt>
  <data>
    0. 4.3476452128946681e+00 8.1875971632189053e+00
    1.1689383286205931e+01</data></cameraMatrix_std_dev>
<dist_coeffs type_id="opencv-matrix">
  <rows>1</rows>
  <cols>5</cols>
  <dt>d</dt>
  <data>
    2.7954779546893077e-01 -1.5492679064569268e+00
    1.5824103157969671e-02 -5.5502791737212214e-03
    1.4487601133136667e+00</data></dist_coeffs>
<dist_coeffs_std_dev type_id="opencv-matrix">
  <rows>5</rows>
  <cols>1</cols>
  <dt>d</dt>
  <data>
    4.1143480686112489e-02 2.0562906732639918e-01 3.8532706928416705e-03
    2.8141582317289223e-03 3.6300732577772499e-01</data></dist_coeffs_std_dev>
<avg_reprojection_error>2.5359514075484857e-01</avg_reprojection_error>
</opencv_storage>
