<?xml version="1.0"?>
<opencv_storage>
<calibrationDate>"Tue 16 Jul 2019 19:33:42 AEST"</calibrationDate>
<framesCount>29</framesCount>
<cameraResolution>
  640 480</cameraResolution>
<cameraMatrix type_id="opencv-matrix">
  <rows>3</rows>
  <cols>3</cols>
  <dt>d</dt>
  <data>
    7.5647100902668637e+02 0. 3.0792525999206339e+02 0.
    7.5647100902668637e+02 2.5369307634515658e+02 0. 0. 1.</data></cameraMatrix>
<cameraMatrix_std_dev type_id="opencv-matrix">
  <rows>4</rows>
  <cols>1</cols>
  <dt>d</dt>
  <data>
    0. 5.6420777435860529e+01 1.6157094358948854e+01
    1.3524118192298207e+01</data></cameraMatrix_std_dev>
<dist_coeffs type_id="opencv-matrix">
  <rows>1</rows>
  <cols>5</cols>
  <dt>d</dt>
  <data>
    1.5619567991392685e-01 -2.0390226526886698e-01 0. 0.
    -8.0180174396241111e-01</data></dist_coeffs>
<dist_coeffs_std_dev type_id="opencv-matrix">
  <rows>5</rows>
  <cols>1</cols>
  <dt>d</dt>
  <data>
    1.0958823903675489e-01 6.5241003096987182e-01 0. 0.
    1.5058495298441539e+00</data></dist_coeffs_std_dev>
<avg_reprojection_error>3.6959180935426478e-01</avg_reprojection_error>
</opencv_storage>
